Epoch:10
mAP: 0.3865992579391965
AP_50: 0.593835430685641
AP_75: 0.417225879737419
AP_small: 0.007123999921891539
AP_m: 0.05871230027412578
AP_l: 0.45415729159884033
Epoch:20
mAP: 0.4465019896746235
AP_50: 0.6635190502402809
AP_75: 0.48042869884712436
AP_small: 0.008956902017595362
AP_m: 0.07603054671707304
AP_l: 0.5214608841476137
Epoch:30
mAP: 0.45913284299496954
AP_50: 0.6785968317092633
AP_75: 0.4955441794827297
AP_small: 0.009121711324152144
AP_m: 0.08022078089506786
AP_l: 0.5352580110722717
